1         1    0    0           1  
2         1    1    0           2  
3         1    1    1           3  
4         2    1    1          26  
5         2    1    0          49  
6         3    1    0          65  
7         3    1    1          67  
8         2    2    1          83  
9         3    2    1          89  
10        4    2    1         134  
11        4    1    1         146  
12        4    3    1         165  
13        3    3    1         180  
14        4    3    2         195  
15        5    1    1         198  
16        3    2    0         203  
17        5    3    1         203  
18        5    3    2         211  
19        3    2    2         229  
20        5    2    1         233  
21        4    1    0         292  
22        5    2    0         298  
23        6    3    1         306  
24        6    2    1         308  
25        5    2    2         317  
26        5    1    0         325  
27        5    4    1         341  
28        7    2    1         341  
29        3    3    2         355  
30        6    4    1         373  
31        7    5    2         373  
32        6    1    1         402  
33        5    4    2         405  
34        5    3    0         425  
35        5    3    3         459  
36        7    3    1         499  
37       11    5    2         499  
38        8    2    1         546  
39        4    4    1         548  
40        8    5    2         548  
41        5    5    2         550  
42        6    3    2         558  
43        6    5    2         558  
44        5    4    3         568  
45        7    4    2         571  
46        7    1    1         579  
47        7    2    2         603  
48        6    5    1         651  
49        6    4    3         660  
50        9    2    1         690  
51        7    5    1         691  
52        7    5    3         691  
53        9    3    1         699  
54        7    3    2         714  
55        8    3    1         722  
56        4    3    0         725  
57        7    4    1         746  
58        8    4    1         770  
59        6    5    3         780  
60        8    5    1         819  
61        8    6    3         824  
62        8    4    3         841  
63        9    6    2         859  
64        8    5    3         867  
65        7    6    4         875  
66        8    1    1         902  
67        9    5    3         915  
68       10    3    1         931  
69        5    5    3         947  
70        6    1    0         964  
71        7    5    4         989  
72        7    4    3         995  
73        7    4    4         997  
74        7    6    3        1013  
75        9    6    4        1016  
76        5    5    1        1017  
77        7    1    0        1025  
78        7    6    2        1025  
79       10    2    1        1041  
80        4    3    3        1048  
81        7    6    1        1061  
82        9    6    1        1069  
83       12    8    3        1089  
84        8    6    1        1112  
85        8    7    2        1115  
86       12    8    5        1121  
87        9    6    5        1145  
88        9    5    2        1166  
89       10    7    2        1172  
90        9    4    1        1218  
91        9    1    1        1228  
92        7    5    0        1252  
93        9    4    2        1258  
94       13    3    1        1260  
95       11    8    2        1267  
96        9    4    3        1269  
97        8    3    2        1274  
98        4    4    3        1283  
99       10    4    1        1283  
100       6    5    4        1291  
101      13    7    4        1300  
102      11    2    1        1310  
103       9    5    1        1317  
104      10    5    2        1322  
105      11    6    2        1322  
106       9    7    3        1349  
107      11    6    4        1361  
108      10    5    3        1362  
109      11    3    1        1371  
110       9    3    2        1395  
111       9    8    2        1419  
112      12    3    1        1443  
113      14    5    3        1445  
114       9    7    1        1465  
115       7    3    0        1469  
116       9    7    2        1483  
117      10    6    1        1484  
118      10    8    3        1560  
119       8    5    4        1569  
120      10    5    1        1586  
121      11    5    3        1636  
122      11    7    2        1667  
123      13    5    2        1667  
124       5    4    0        1685  
125       8    7    1        1685  
126      10    8    1        1685  
127      12    9    7        1721  
128      10    7    4        1733  
129      10    1    1        1766  
130      12    9    4        1771  
131      13    2    1        1778  
132      12    4    1        1780  
133      12    2    1        1781  
134       7    2    0        1813  
135      10    7    1        1817  
136       9    7    4        1849  
137       6    6    1        1864  
138      10    3    2        1890  
139      11    5    1        1922  
140      11    9    3        1923  
141       8    7    3        1978  
142      17    5    2        1997  
143      11    7    3        2009  
144      15    9    4        2021  
145      12    5    2        2058  
146       5    4    4        2082  
147      12    5    1        2089  
148      10    7    5        2098  
149      11    7    4        2099  
150       8    6    5        2106  
151      11    8    6        2149  
152       8    7    4        2156  
153      11    7    1        2174  
154      12    9    5        2179  
155      12    5    3        2211  
156      10    6    3        2241  
157       7    5    5        2250  
158      11    4    1        2259  
159      13    5    1        2259  
160      11    8    1        2285  
161      13    4    1        2285  
162      11    1    1        2307  
163      11    3    2        2315  
164      11    5    4        2333  
165       7    3    3        2354  
166      14    3    1        2355  
167      15    3    1        2355  
168       8    3    3        2363  
169      13    8    2        2394  
170       7    7    2        2403  
171       8    1    0        2404  
172      11    6    1        2405  
173       9    2    2        2417  
174       9    4    4        2449  
175      12    3    2        2489  
176      11    9    5        2499  
177       9    1    0        2501  
178      15   11    3        2505  
179      11    8    3        2531  
180       9    7    5        2540  
181      16    3    1        2547  
182       8    5    5        2563  
183       5    5    4        2579  
184      11    8    5        2580  
185      12    7    4        2586  
186       7    6    5        2595  
187       9    8    1        2595  
188       8    7    5        2601  
189      11    6    3        2636  
190      10    8    5        2638  
191      12    7    1        2649  
192      11    7    5        2657  
193       9    7    6        2725  
194      17    9    5        2801  
195       9    5    4        2803  
196      11    7    6        2825  
197      13    8    7        2825  
198      19    8    5        2825  
199      14    8    5        2837  
200      11    9    6        2849  
201      14   10    3        2859  
202      13    4    2        2862  
203      16    7    3        2869  
204      20    7    3        2877  
205       8    3    0        2880  
206      14    4    1        2889  
207      17    7    4        2889  
208      12    8    1        2898  
209      10    9    2        2934  
210      17    3    1        2955  
211      18    3    1        2956  
212       7    7    1        2969  
213      12    6    1        2978  
214      15    9    5        2979  
215      12    9    1        2985  
216       7    4    0        2986  
217      14    5    1        2989  
218      13    3    2        2994  
219      14    3    2        2994  
220       8    7    6        3018  
221      12   10    3        3033  
222      13    5    3        3049  
223      15   10    2        3058  
224      11    9    1        3059  
225      11   10    2        3066  
226      13    6    5        3089  
227      10    5    4        3129  
228      13    4    3        3137  
229      12    1    1        3138  
230      13   10    1        3139  
231      13    6    4        3146  
232       9    8    6        3150  
233      10    9    7        3150  
234      12    7    3        3154  
235      15    7    4        3156  
236      13    6    2        3168  
237      19    3    1        3171  
238      13    7    1        3180  
239      16    7    4        3187  
240      10    7    3        3213  
241      14   11    7        3218  
242      13    8    1        3233  
243      18    7    3        3275  
244      17   11    2        3307  
245      14    5    2        3314  
246      17    8    6        3321  
247      15    7    5        3355  
248       6    5    0        3365  
249      15    7    6        3365  
250      11    8    7        3381  
251      11    4    2        3385  
252      15    5    3        3385  
253      20    3    1        3395  
254      13    8    6        3398  
255      12    9    2        3405  
256      13   10    2        3405  
257      13    7    2        3422  
258      11    9    4        3428  
259      13   10    3        3429  
260      17   12    8        3429  
261       9    8    5        3449  
262      15    8    2        3449  
263      17   15    6        3449  
264      21   10    3        3449  
265      12    7    5        3459  
266      13    7    5        3469  
267      15    9    1        3492  
268      12   10    1        3534  
269      10    7    6        3562  
270      15   12    4        3593  
271      14    8    1        3594  
272      15    7    2        3610  
273      17    2    1        3617  
274      15    2    1        3627  
275      21    3    1        3627  
276       9    8    3        3629  
277      14    2    1        3634  
278      10    6    5        3653  
279      15    6    1        3653  
280      15    9    8        3653  
281      10    8    7        3680  
282      10    4    3        3681  
283      14    7    4        3690  
284      10    9    1        3701  
285      11    8    4        3704  
286      15    5    1        3715  
287      12    4    3        3722  
288      14   11    2        3737  
289      15    5    2        3741  
290      15    3    2        3745  
291      15    8    6        3761  
292       7    7    4        3771  
293      13   11    5        3819  
294      17    8    5        3833  
295      14    6    1        3841  
296      13    1    1        3846  
297      18   11    8        3848  
298      14   11    3        3851  
299      16    5    2        3858  
300      22    3    1        3867  
301      13    9    7        3875  
302      13   11    1        3875  
303      15    7    3        3876  
304      14   11    1        3905  
305      15   12    2        3909  
306      11    9    2        3915  
307      23    9    4        3929  
308      11    2    2        3931  
309      13    9    1        3946  
310      11    3    0        3965  
311      13    9    6        3978  
312      13    6    1        4005  
313      17    6    4        4082  
314      12   11    2        4083  
315      14   11    5        4115  
316      23    3    1        4115  
317      15    4    1        4131  
318      18    5    3        4169  
319      11    9    8        4196  
320      14    9    2        4196  
321      19   12    3        4196  
322      15    8    3        4213  
323       9    8    4        4226  
324      16   13    4        4227  
325      19   15    5        4227  
326      13   10    4        4228  
327      15   10    1        4228  
328      14    9    4        4232  
329      24    3    1        4242  
330      16    2    1        4250  
331      16    4    1        4256  
332      16    9    5        4266  
333      14    9    7        4274  
334       7    7    3        4275  
335      10    9    4        4281  
336      14    4    3        4283  
337      16    3    2        4306  
338      17    5    3        4306  
339      13    6    3        4345  
340      15   11    6        4345  
341      25    3    1        4371  
342      15   10    6        4372  
343      16   11    6        4372  
344      14    7    5        4404  
345      21   10    6        4418  
346      17    3    2        4433  
347      13    7    3        4436  
348      17    8    3        4445  
349      16    5    1        4457  
350      13   11    3        4473  
351      14   12    3        4473  
352      15   10    4        4481  
353      12    7    2        4489  
354      12    8    7        4500  
355      11    4    3        4515  
356      19    8    2        4521  
357      10    9    6        4573  
358       9    5    0        4580  
359      17    5    1        4585  
360      26    7    3        4601  
361       9    5    5        4611  
362      10    9    3        4611  
363      13   10    8        4617  
364      19    5    3        4617  
365       9    7    0        4618  
366      19    2    1        4635  
367      27    3    1        4635  
368      16    9    4        4650  
369      15   13    6        4675  
370      17    7    3        4675  
371       8    5    0        4682  
372      12    5    4        4697  
373      14    9    6        4698  
374       8    8    1        4708  
375       6    6    5        4722  
376      17    5    4        4724  
377      16   11    3        4741  
378      16   11    2        4744  
379      15    7    1        4748  
380      17    8    2        4770  
381      14   10    7        4789  
382      11   10    3        4798  
383      21   15   10        4805  
384      16    7    1        4808  
385      13   12    2        4826  
386      16    5    3        4841  
387       9    2    0        4842  
388      17   13    1        4850  
389      14   11    9        4851  
390      22   10    7        4851  
391      13    9    3        4875  
392      18   11    6        4881  
393      14    6    5        4898  
394      13    9    2        4923  
395      10    3    0        4957  
396      17   10    6        4961  
397      17   14    2        5025  
398      10    9    5        5042  
399      10    1    0        5044  
400      17    9    7        5049  
401      11   10    4        5057  
402      14    7    1        5058  
403      17   11    9        5058  
404      17    6    2        5073  
405      16    7    5        5105  
406      13    9    5        5109  
407      14   11    4        5144  
408      15    6    2        5166  
409      11    1    0        5185  
410      14    1    1        5186  
411      11   10    1        5205  
412      11   10    7        5205  
413      17    4    1        5205  
414      15    9    7        5221  
415      14   13    2        5222  
416      16   13    2        5225  
417      20    9    5        5226  
418       9    9    2        5227  
419      18    5    2        5227  
420      21    5    2        5227  
421      13   11    6        5234  
422      15   12    8        5252  
423      15   13    3        5269  
424      11   10    6        5282  
425      19    9    4        5284  
426      11    3    3        5291  
427       9    8    7        5297  
428      25   11    8        5321  
429      16    6    1        5379  
430      17    6    1        5387  
431      14   10    1        5390  
432      14    9    1        5401  
433      16   10    1        5401  
434      11   10    8        5418  
435      15   14    2        5426  
436      13    3    0        5429  
437      16   11    4        5442  
438       9    9    4        5492  
439      18    2    1        5493  
440      12    6    5        5523  
441      15    6    4        5529  
442      14    7    2        5537  
443      15   10    7        5561  
444      17   12    4        5561  
445      19    5    1        5572  
446      21    3    2        5573  
447      20    8    5        5580  
448      12   11    3        5601  
449      17   11    8        5620  
450      18    5    1        5620  
451      21    4    1        5621  
452      15   11    1        5651  
453      23    7    3        5651  
454      24    7    3        5651  
455      16    9    6        5654  
456      15   12    7        5737  
457       7    7    5        5753  
458      19    6    3        5772  
459      25    7    3        5795  
460      15    8    4        5813  
461      15    9    2        5813  
462      17   10    2        5813  
463       7    6    0        5835  
464      14    9    3        5849  
465      19   16    2        5849  
466      17   11    7        5857  
467      16   12    1        5862  
468      18    4    1        5912  
469      17    9    6        5941  
470      20    2    1        5945  
471      13   10    5        5969  
472      14    7    3        5970  
473      19   10    4        5970  
474       6    5    5        5989  
475      10    9    8        5995  
476      17    7    1        6004  
477      18    7    1        6004  
478      19    8    6        6008  
479      18   10    7        6026  
480      17   11    1        6036  
481      17    6    3        6060  
482      20   17    2        6065  
483      18   11    5        6073  
484      19    5    2        6075  
485      21    2    1        6098  
486       9    4    0        6102  
487      20    5    2        6116  
488      20   14    5        6131  
489      15    8    5        6189  
490      13   11    4        6228  
491      13    8    4        6245  
492      14   12    1        6281  
493      16   15    2        6282  
494      17   16    2        6283  
495      16    4    3        6297  
496      17    7    2        6298  
497      15   12    1        6321  
498       8    8    5        6347  
499      12   10    5        6354  
500      14    6    3        6380  
501      18    7    5        6389  
502      15   11    5        6401  
503      15    1    1        6403  
504      18   15    2        6408  
505      13   10    7        6419  
506      13   10    6        6425  
507      23    7    4        6432  
508      19    4    1        6435  
509      15    4    3        6473  
510      21    9    2        6473  
511      20    3    2        6474  
512      11    6    5        6475  
513      18    8    1        6482  
514      23   14   10        6482  
515      15   13    1        6505  
516      13   11    7        6515  
517      13   12    3        6529  
518      19   10    5        6530  
519      16    6    3        6531  
520      13    8    3        6563  
521      15    4    2        6595  
522       9    9    1        6617  
523      15    8    1        6626  
524      12   10    7        6642  
525      22    5    3        6689  
526      23    5    3        6690  
527       7    6    6        6723  
528      18   17    2        6734  
529      16   12    5        6746  
530      25   14   10        6746  
531      20   11    5        6749  
532      15   12   10        6761  
533      21    5    1        6788  
534      17   10    4        6825  
535      17   13   11        6834  
536      20    4    1        6842  
537      15   10    3        6849  
538      14    9    5        6851  
539      24    5    3        6851  
540      16    7    2        6872  
541      19    7    2        6881  
542      14    9    8        6882  
543      18    7    2        6882  
544      19    6    4        6905  
545      13    8    5        6909  
546       9    9    5        6914  
547      14   10    5        6920  
548      13   11    8        6922  
549      19   10    6        6926  
550      16   13    6        6930  
551      21   11    2        6945  
552      11    7    7        6948  
553      14   11    6        6953  
554      16   14    1        6965  
555      18    3    2        6985  
556      23    7    2        6985  
557      24    7    2        6985  
558      19    9    6        6997  
559      11    4    0        7001  
560      15   13    7        7020  
561      16   12    3        7028  
562      18   11    4        7049  
563      20   15    8        7049  
564      16    9    1        7074  
565      19    7    3        7074  
566      15   13    8        7075  
567      12    7    6        7144  
568      21   11    4        7169  
569      12   11    7        7171  
570      13    2    2        7185  
571      18   13    4        7185  
572      12   11    1        7203  
573      19    6    2        7203  
574      17   12    2        7211  
575      11    7    0        7225  
576      13   12    8        7225  
577      19   10    8        7251  
578      19   13    9        7257  
579      20    7    5        7300  
580      17   10    1        7304  
581      20    7    2        7307  
582      12    9    8        7349  
583      17   14    4        7349  
584      17   10    8        7362  
585      18   13    2        7370  
586      23   10    4        7398  
587      17   13    8        7401  
588      21    8    2        7411  
589      18    6    1        7427  
590      12   10    9        7442  
591      16    5    4        7442  
592      13    9    8        7444  
593       8    8    3        7457  
594      15   10    8        7458  
595      22    9    1        7460  
596      12    5    5        7491  
597      15   12    5        7505  
598      19    9    7        7526  
599      18   15    4        7557  
600      18   13    9        7572  
601      20    5    1        7586  
602      10    3    3        7627  
603      20   12    9        7634  
604      19    3    2        7649  
605      17    9    4        7668  
606      17    9    2        7674  
607      17   13    5        7689  
608      16   11    9        7697  
609      22    8    3        7709  
610      12   11    9        7721  
611      11    6    0        7730  
612      19   10    7        7732  
613      16   13    5        7746  
614      21    8    6        7749  
615      17   12    9        7771  
616      19   11    9        7787  
617      17   12    3        7829  
618      18   10    1        7842  
619      19    8    1        7849  
620      24   10    1        7849  
621      23    5    2        7864  
622      24    5    2        7864  
623      18   11    3        7865  
624      19   16    4        7865  
625      18    5    4        7875  
626      23    4    1        7889  
627      15   13    9        7890  
628      19    9    2        7929  
629      21   10    2        7929  
630      16   13    7        7937  
631      16   14    3        8009  
632      13    9    4        8033  
633      15   14    9        8042  
634      19    9    5        8066  
635      23    8    6        8073  
636      29    9    5        8076  
637      19   11    1        8084  
638      21    9    1        8084  
639      17    9    1        8085  
640      21   12    1        8085  
641      15   13    2        8093  
642      16    1    1        8102  
643      16   10    7        8123  
644      21   14    5        8125  
645      17    7    6        8131  
646      11    9    7        8153  
647      16    8    1        8162  
648      14   12    9        8180  
649      15   13   10        8180  
650      17    4    2        8226  
651      19   10    2        8249  
652      17   15    3        8259  
653      20   15    7        8269  
654      11    5    0        8297  
655      13   12   10        8333  
656      16   12    9        8361  
657      18   13    7        8361  
658      19    7    1        8361  
659      17    9    3        8365  
660      18    9    7        8370  
661      17   13    3        8441  
662      21    9    4        8441  
663      19   14    2        8443  
664      24    5    1        8453  
665      11   10    5        8466  
666      16   13    1        8483  
667      20   11    8        8525  
668      13   12    5        8547  
669      19   11    2        8552  
670      17   14    9        8563  
671      16   11    5        8569  
672      21   10    4        8569  
673      16    7    6        8597  
674      17   14   12        8649  
675      21   18   11        8659  
676      22    2    1        8666  
677      14   13    3        8685  
678      26    3    1        8696  
679      18   12    7        8708  
680      25    7    4        8729  
681      23   13    1        8740  
682      21   15   11        8746  
683      17   13    7        8753  
684      22    7    3        8755  
685      13   10    9        8769  
686      21   12    2        8777  
687      11    4    4        8781  
688      26    5    3        8802  
689      27    5    3        8802  
690      20   11    6        8810  
691      20    7    4        8820  
692      21    5    3        8825  
693      10    7    7        8882  
694      17   15    9        8916  
695      23   11    4        8917  
696      29    9    4        8931  
697      20    8    3        8965  
698      20    6    5        8969  
699      18   15   13        8971  
700      16   11    7        8980  
701      32   17   11        8981  
702      20   13    9        9019  
703      12   11    5        9026  
704      11    6    6        9057  
705      13   11    2        9065  
706      14    8    3        9096  
707      21    9    5        9097  
708      22    8    5        9105  
709      20    7    1        9125  
710      21   11    6        9139  
711      33    9    2        9139  
712      18   12    5        9162  
713      19   14    4        9169  
714      20   15    4        9169  
715      14   12    5        9186  
716      10    7    0        9197  
717      17   13    9        9205  
718      13   11   10        9209  
719      17   16   13        9209  
720      18    4    3        9209  
721      20    9    8        9209  
722      17   13    6        9218  
723      18    8    5        9221  
724      23    2    1        9227  
725      19    7    4        9245  
726      24    9    5        9245  
727      13   11    9        9258  
728      16   11    1        9260  
729      22    3    2        9260  
730      14   13    6        9282  
731      23   12    3        9293  
732      12   11    8        9314  
733      20    5    3        9347  
734      13    5    4        9350  
735      11    5    5        9401  
736      12    1    0        9412  
737      11   10    9        9413  
738      24    2    1        9418  
739      23    7    1        9427  
740      27    7    1        9428  
741      28    3    1        9448  
742      23    3    2        9449  
743      17   15    4        9450  
744      13    3    3        9451  
745      24   13    5        9461  
746      22    5    2        9476  
747      25    3    2        9506  
748      15    5    4        9522  
749      13   12    1        9525  
750      23   11    7        9531  
751      21   16    9        9545  
752      19   13    4        9546  
753      19   12    4        9555  
754      16   13    9        9594  
755      17   14   10        9594  
756      23    5    1        9603  
757      13    1    0        9605  
758      21   13    6        9610  
759      15    6    5        9611  
760      25    2    1        9611  
761      19    6    1        9613  
762      24   18    7        9625  
763      29    3    1        9638  
764      13   12    9        9649  
765      23   11    8        9649  
766      19   14    6        9652  
767      17    8    1        9684  
768      19   13   11        9699  
769      17   14    1        9700  
770      19   15    1        9700  
771      18    7    4        9701  
772      17   15   12        9749  
773      14   11   10        9763  
774      20    6    1        9800  
775      17    1    1        9804  
776      20   12    1        9875  
777      18    8    3        9882  
778      17    4    3        9897  
779      13    9    0        9898  
780      15   11    8        9930  
781      10   10    1        9944  
782      21    6    1        9989  
783      20   11    4        9994  
784      12   11    4       10024  
785      18   14    1       10043  
786      25   13    9       10050  
787      17   11    4       10065  
788      14   13    5       10073  
789      17    7    5       10082  
790      16    9    2       10084  
791      18   11    2       10084  
792       8    7    0       10085  
793      17   14    8       10085  
794      19   10    3       10091  
795      18   15    1       10102  
796      15   12   11       10105  
797      17   14    5       10106  
798      25    5    3       10153  
799      20   15    3       10169  
800      16   10    9       10184  
801      13   12    7       10226  
802      30   18    7       10227  
803      30    3    1       10232  
804      17   15    1       10233  
805      19   11    6       10261  
806      17   13   10       10265  
807      17   10    7       10269  
808      20   12    7       10275  
809      10   10    3       10307  
810      15   11    9       10315  
811      19    4    3       10323  
812      20    8    1       10330  
813      23   11    5       10353  
814      13    7    0       10361  
815      26   11    7       10385  
816      19   13    1       10386  
817      23   14    2       10386  
818      19   16    1       10401  
819      21    8    1       10436  
820      25   10    6       10437  
821      27   11    2       10477  
822      19   12    1       10484  
823      26    5    2       10506  
824      16    8    3       10520  
825      17    8    7       10531  
826      24    7    4       10541  
827      20   17    4       10598  
828      16   13   11       10600  
829      31    3    1       10636  
830      18   13    1       10649  
831      18   14    3       10674  
832      19   16    7       10682  
833      18    9    2       10689  
834      12   11   10       10690  
835      14   12   11       10692  
836      18   12    1       10706  
837      27    5    2       10709  
838      19   14    9       10722  
839      19   15    9       10722  
840      24   15   10       10760  
841      19   14   10       10764  
842      18   11    1       10766  
843      23    9    6       10770  
844      14   12    7       10820  
845      16   10    5       10820  
846      22   12    9       10858  
847      21   18    4       10886  
848      23    9    1       10893  
849      22   12    3       10914  
850      18   16    3       10917  
851      16    9    3       10929  
852      15   14    4       10946  
853      17    8    4       10946  
854      13    5    0       10961  
855      19   15    3       10965  
856      21    7    4       10971  
857      15   11    4       10981  
858      22    6    1       10981  
859      12   11    6       10989  
860      25   15    2       11001  
861      24    4    1       11010  
862      25    4    1       11010  
863      24   19    4       11017  
864      20   18    3       11034  
865      32    3    1       11048  
866      15   13   12       11051  
867      19   13    8       11051  
868      15   13    5       11052  
869      23    7    5       11074  
870      14   13   11       11083  
871      15   11    7       11109  
872      27   17    8       11129  
873      31    8    3       11129  
874      22   19    4       11180  
875      22   15   13       11202  
876      19   12   10       11204  
877      23   10    1       11253  
878      16   12    7       11269  
879      15   11    2       11276  
880      22   14    5       11282  
881      25    5    2       11282  
882      17   12    1       11289  
883      19   17    3       11294  
884      15    4    4       11331  
885      20   13    2       11339  
886      20   17    8       11384  
887      19   16   10       11433  
888      23   20    2       11443  
889      11    2    0       11450  
890      33    3    1       11468  
891      34    3    1       11468  
892      31   16   11       11500  
893      22    7    2       11514  
894      22    4    1       11528  
895      29    5    2       11530  
896      13   12   11       11537  
897      18    8    7       11545  
898      22   13   10       11546  
899      20   16    3       11556  
900      16   14   11       11560  
901      21   18    1       11562  
902      14   13    8       11597  
903      14    7    6       11618  
904      18   16   11       11624  
905      26    2    1       11670  
906      35    3    1       11681  
907      20    4    3       11697  
908      21   10    8       11726  
909      20    9    1       11730  
910      25   11    1       11730  
911      30    5    2       11742  
912      24   21    2       11745  
913      25   10    3       11771  
914      23    6    1       11780  
915      32    9    4       11781  
916      16   14    5       11789  
917      19    9    8       11801  
918      28    4    1       11809  
919      15    2    2       11826  
920      21   17    3       11858  
921      26    4    1       11858  
922      27    4    1       11858  
923      20    5    4       11869  
924      23   11    2       11881  
925      20   15    2       11882  
926      15   13    4       11891  
927      22    9    6       11921  
928      18   13    3       11940  
929      17   10    5       12012  
930      20    9    7       12041  
931      20   13    5       12041  
932      17   11    5       12042  
933      24    9    4       12046  
934      21   18    2       12056  
935      13    9    9       12057  
936      20   14    1       12066  
937      24   14    3       12074  
938      24   14   11       12076  
939      19    9    3       12089  
940      21   19    3       12099  
941      18    1    1       12102  
942      26   14   11       12107  
943      23   15   12       12113  
944      22    9    7       12152  
945       7    7    6       12164  
946      22   18    3       12164  
947      18   16    1       12174  
948      23    8    3       12212  
949      29   11    3       12234  
950      17   10    9       12248  
951      28    7    4       12257  
952      29    7    4       12257  
953      23   11    9       12261  
954      20   13    8       12315  
955      15   11   10       12329  
956      37    3    1       12332  
957      15   14    6       12338  
958      23   21    6       12341  
959      18   10    3       12360  
960      23   10    7       12397  
961      18    9    1       12402  
962      21    7    1       12419  
963      17   10    3       12427  
964      27    7    4       12435  
965      29   13    2       12437  
966      21    6    2       12441  
967      18   13   11       12445  
968       9    7    7       12450  
969      26    9    4       12458  
970      17   15    8       12468  
971      30    7    4       12472  
972      23   17    5       12473  
973      14   13    1       12485  
974      22   19    2       12518  
975      23   17    9       12521  
976       8    8    7       12547  
977      27    2    1       12553  
978      28    9    5       12561  
979      24   17    4       12586  
980      20   11    1       12602  
981      13    7    6       12611  
982      31   14    8       12612  
983      19   14    1       12625  
984      27    3    2       12658  
985      16   13    3       12675  
986      24    7    1       12689  
987      13    4    4       12690  
988      16    5    5       12690  
989      19   11    7       12723  
990      15   10    9       12724  
991      24   20    3       12731  
992      28    2    1       12776  
993      25   15    3       12780  
994      27   21   10       12788  
995      15   14    3       12809  
996      30    9    5       12834  
997      25    5    1       12841  
998      21   14    8       12857  
999      27   14    5       12869  
1000     14   11    8       12916  
1001     14   13   10       12917  
1002     18   13    6       12920  
1003     21   14   11       12920  
1004     23   20    8       12920  
1005     22    5    1       12946  
1006     28    5    2       12994  
1007     33   14    4       12996  
1008     22   16    1       13002  
1009     25    7    5       13035  
1010     20   16    1       13043  
1011     27   22    2       13049  
1012     24   18   11       13066  
1013     18    6    5       13068  
1014     18   14   11       13074  
1015      9    9    7       13092  
1016     16   14   13       13099  
1017     23   13    9       13099  
1018     21   14    3       13106  
1019     17   14    7       13124  
1020     22   19   15       13125  
1021     29   15    2       13125  
1022     24   17    6       13149  
1023     21   15   13       13161  
1024     21   16    6       13221  
1025     25    8    2       13229  
1026     21    6    5       13304  
1027     19    9    1       13315  
1028     19    8    4       13333  
1029     23   13   11       13353  
1030     25   12    2       13354  
1031     23   15    3       13361  
1032     21   13   11       13364  
1033     25   12   10       13364  
1034     21   17    1       13365  
1035     26   11    6       13384  
1036     25   19   15       13405  
1037     29   25    5       13429  
1038     26    9    6       13433  
1039     21   10    9       13445  
1040     14    8    7       13446  
1041     19   17    1       13451  
1042     24   17    9       13459  
1043     14    9    9       13483  
1044     14   13    4       13485  
1045     23   12    9       13493  
1046     25   10    7       13493  
1047     19    5    4       13523  
1048     14    5    4       13529  
1049     29   16    9       13529  
1050     25   13    5       13539  
1051     20   14    9       13545  
1052     22   14    9       13545  
1053     17   15    7       13546  
1054     19   11    5       13569  
1055     18   15   11       13571  
1056     21   15    2       13585  
1057     24   11    3       13595  
1058     27   13    8       13609  
1059     21   12   10       13611  
1060     11   11    1       13617  
1061     24    3    2       13649  
1062     27   16   10       13650  
1063     11   11    2       13652  
1064     24    6    1       13670  
1065     25    6    1       13670  
1066     20    9    6       13689  
1067     23   12    4       13689  
1068     10   10    7       13733  
1069     27    5    1       13747  
1070     18   14    9       13757  
1071     15   14   11       13762  
1072     15   14   12       13764  
1073     16   15   13       13764  
1074     21   11    5       13764  
1075     23   12    2       13770  
1076     15   14    5       13772  
1077     24   16    7       13779  
1078     25    7    1       13779  
1079     20   13    6       13780  
1080     23   10    2       13794  
1081     16   15    7       13811  
1082     11    8    8       13818  
1083     19    6    5       13837  
1084     16   15    4       13841  
1085     18   16    5       13859  
1086     27   13   10       13859  
1087     22   19   12       13866  
1088     23   19    3       13880  
1089     25   15    4       13890  
1090     26    6    1       13899  
1091     17   15    5       13909  
1092     33    5    2       13922  
1093     22   16    5       13958  
1094     27   20    3       13961  
1095     25   11    2       13976  
1096     21   12    8       14000  
1097     26   23   11       14009  
1098     25   13    4       14025  
1099     11   11    6       14052  
1100     23    6    4       14056  
1101     31   27    5       14085  
1102     20   12    3       14093  
1103     20   16    5       14106  
1104     21   13    2       14113  
1105     28   16   13       14129  
1106     21   12    4       14130  
1107     22   11    7       14146  
1108     25    8    1       14147  
1109     20   15    6       14150  
1110     14   13    9       14165  
1111     23   14    6       14211  
1112     17   14    6       14224  
1113     19   12    9       14225  
1114     19    6    6       14226  
1115     16   10    3       14229  
1116     25    8    6       14244  
1117     22   10    1       14265  
1118     19    8    7       14275  
1119     19   12    2       14314  
1120     20   12    5       14322  
1121     21    5    4       14342  
1122     27   18   13       14345  
1123     25    8    5       14355  
1124     24    9    2       14372  
1125     23    8    2       14394  
1126     19    1    1       14403  
1127     19   13    5       14418  
1128     29    9    3       14418  
1129     21   17    5       14435  
1130     29   14   11       14437  
1131     24   13    6       14450  
1132     26   23    2       14486  
1133     23   14   12       14516  
1134     25   15   13       14516  
1135     21    7    3       14517  
1136     24   11    6       14526  
1137     22    8    1       14529  
1138     22   16    7       14549  
1139     17   16    3       14561  
1140     24   21   13       14579  
1141     17   16   14       14584  
1142     19   16    5       14596  
1143     22   11    9       14610  
1144     19    4    2       14622  
1145     24   17    8       14673  
1146     22    7    4       14715  
1147     17   15   14       14723  
1148     23   12    7       14725  
1149     41    9    4       14755  
1150     13    6    6       14764  
1151     20   13    1       14786  
1152     13   12    4       14787  
1153     19   17   11       14787  
1154     24   11    1       14802  
1155     27   12    1       14802  
1156     29   23   19       14802  
1157     23   12   10       14810  
1158     20   13    3       14826  
1159     17   12   10       14829  
1160     26    5    1       14836  
1161     21    9    8       14861  
1162     21   18   10       14909  
1163     22   13    6       14946  
1164     23   13    2       14969  
1165     18   11    7       14985  
1166     20   17    1       14993  
1167     21    6    4       14994  
1168     26    9    2       14994  
1169     29    5    3       15011  
1170     16   13   12       15043  
1171     22   13    1       15043  
1172     21   14    1       15044  
1173     19   17    9       15067  
1174     21   15    4       15067  
1175     20    9    4       15109  
1176     19   10    1       15128  
1177     23    8    1       15137  
1178     27   17   11       15145  
1179     16    8    5       15146  
1180     16   12   11       15181  
1181     25   21    1       15186  
1182     30   14    3       15194  
1183     20   10    1       15212  
1184     26   18   11       15212  
1185     31    7    3       15233  
1186     13   12    6       15245  
1187     21    4    3       15269  
1188     19   13    3       15274  
1189     25   12    7       15274  
1190     21    8    3       15281  
1191     27   10    4       15281  
1192     20    8    7       15293  
1193     19   12    8       15301  
1194     22    9    5       15305  
1195     20   15    1       15306  
1196     24   19    6       15331  
1197     19   16    9       15349  
1198     29   13    1       15349  
1199     37    7    3       15350  
1200     20   13   11       15353  
1201     21   13    1       15369  
1202     21    7    2       15393  
1203     19   13    2       15395  
1204     19   11   10       15411  
1205     18   11    9       15426  
1206     25    9    3       15435  
1207     30   18   11       15450  
1208     25   11    9       15538  
1209     21   15    1       15579  
1210     33   21   13       15579  
1211     24   14    1       15594  
1212     38    7    3       15595  
1213     24    7    6       15609  
1214     26    7    1       15620  
1215     15   14    8       15629  
1216     21   12    5       15642  
1217     21   11    8       15650  
1218     21   15    7       15651  
1219     28   21   11       15658  
1220     26   15   10       15669  
1221     19   15    8       15672  
1222      8    7    7       15698  
1223     29   14   12       15716  
1224     22   18    1       15731  
1225     26   16   11       15747  
1226     29   18   12       15747  
1227     25   14    4       15748  
1228     18   17    3       15753  
1229     23    6    3       15756  
1230     31   15   10       15781  
1231     20   15   12       15810  
1232     21   16    1       15812  
1233     36    7    3       15837  
1234      9    8    0       15845  
1235     20   18    1       15845  
1236     18   17   15       15859  
1237     25   19    7       15865  
1238     19   18    2       15866  
1239     31   18    3       15869  
1240     18    9    5       15874  
1241     22   17   13       15897  
1242     27   21   16       15897  
1243     26   12    1       15906  
1244     31   14    1       15906  
1245     16    8    7       15916  
1246     23   14    1       15925  
1247     23   10    6       15977  
1248     24   13    4       15989  
1249     17    4    4       16001  
1250     24    9    7       16002  
1251     18   16   15       16004  
1252     19   17   16       16004  
1253     17   11    6       16011  
1254     18   14    5       16017  
1255     22   12    1       16021  
1256     26   11    1       16029  
1257     22   19    1       16043  
1258     25   12    3       16050  
1259     19   17   10       16059  
1260     29    4    1       16070  
1261     22    9    2       16082  
1262     23   19    1       16085  
1263     23    4    3       16094  
1264     20   13    4       16116  
1265     25    6    3       16121  
1266     28   10    3       16131  
1267     14    1    0       16132  
1268     25   16    3       16145  
1269     24   18    1       16148  
1270     17   15   10       16154  
1271     22    7    1       16163  
1272     23   17    8       16169  
1273     21   17   12       16180  
1274     19    7    5       16194  
1275     19   16   14       16196  
1276     15   14    1       16203  
1277     20   17    9       16209  
1278     23   17    1       16209  
1279     33    7    3       16209  
1280     19   17    8       16233  
1281     11    9    0       16234  
1282     23   15    6       16259  
1283     19   14   11       16275  
1284     21   18   13       16275  
1285     25   12    4       16281  
1286     19   17    5       16292  
1287     19   18   16       16296  
1288     23   21    3       16301  
1289     16    9    7       16341  
